0.001012062121981759
0.001023265150861048
0.0009973420233691569
0.000861357556647931
0.0005111238636008596
-0.0001633774903737606
-0.001244005435949135
-0.002747812199751646
-0.004594893071123946
-0.006587919911024583
-0.008409275615423619
-0.009639266337383014
-0.009795618774589896
-0.008390874235520856
-0.00500095522452917
0.0006643230312067545
0.008699230615271523
0.01895866266103964
0.03104135161403328
0.04430452970361236
0.0579105700974909
0.07090158769634124
0.08229381997718106
0.09118047986958695
0.09683017812266144
0.09876822838156751
0.09683017812266144
0.09118047986958698
0.08229381997718106
0.07090158769634121
0.05791057009749091
0.04430452970361237
0.03104135161403328
0.01895866266103963
0.00869923061527152
0.000664323031206755
-0.00500095522452917
-0.008390874235520858
-0.009795618774589902
-0.009639266337383018
-0.008409275615423623
-0.00658791991102459
-0.004594893071123944
-0.002747812199751649
-0.001244005435949137
-0.0001633774903737608
0.0005111238636008605
0.0008613575566479311
0.0009973420233691575
0.001023265150861049
0.001012062121981759