 1.80844232e-003
 2.46060668e-003
 3.84131240e-003
 6.17529730e-003
 9.61659545e-003
 1.42248500e-002
 1.99500738e-002
 2.66278417e-002
 3.39858469e-002
 4.16615769e-002
 4.92296852e-002
 5.62365843e-002
 6.22389809e-002
 6.68426006e-002
 6.97372724e-002
 7.07248665e-002
 6.97372724e-002
 6.68426006e-002
 6.22389809e-002
 5.62365843e-002
 4.92296852e-002
 4.16615769e-002
 3.39858469e-002
 2.66278417e-002
 1.99500738e-002
 1.42248500e-002
 9.61659545e-003
 6.17529730e-003
 3.84131240e-003
 2.46060668e-003
 1.80844232e-003
